[PCW 8256 [2A] UTILITAIRES de PROGRAMMATION CPM PLUS [MAXIT][SamDISK][Original].dsk]
42 Cyls, Head 0:
250Kbps MFM, 9 sectors, 512 bytes/sector:
  0.0  1 6 2 7 3 8 4 9 5
  1.0  9 5 1 6 2 7 3 8 4
  2.0  8 4 9 5 1 6 2 7 3
  3.0  7 3 8 4 9 5 1 6 2
  4.0  6 2 7 3 8 4 9 5 1
  5.0  5 1 6 2 7 3 8 4 9
  6.0  4 9 5 1 6 2 7 3 8
  7.0  3 8 4 9 5 1 6 2 7
  8.0  2 7 3 8 4 9 5 1 6
  9.0  1 6 2 7 3 8 4 9 5
 10.0  9 5 1 6 2 7 3 8 4
 11.0  8 4 9 5 1 6 2 7 3
 12.0  7 3 8 4 9 5 1 6 2
 13.0  6 2 7 3 8 4 9 5 1
 14.0  5 1 6 2 7 3 8 4 9
 15.0  4 9 5 1 6 2 7 3 8
 16.0  3 8 4 9 5 1 6 2 7
 17.0  2 7 3 8 4 9 5 1 6
 18.0  1 6 2 7 3 8 4 9 5
 19.0  9 5 1 6 2 7 3 8 4
 20.0  8 4 9 5 1 6 2 7 3
 21.0  7 3 8 4 9 5 1 6 2
 22.0  6 2 7 3 8 4 9 5 1
 23.0  5 1 6 2 7 3 8 4 9
 24.0  4 9 5 1 6 2 7 3 8
 25.0  3 8 4 9 5 1 6 2 7
 26.0  2 7 3 8 4 9 5 1 6
 27.0  1 6 2 7 3 8 4 9 5
 28.0  9 5 1 6 2 7 3 8 4
 29.0  8 4 9 5 1 6 2 7 3
 30.0  7 3 8 4 9 5 1 6 2
 31.0  6 2 7 3 8 4 9 5 1
 32.0  5 1 6 2 7 3 8 4 9
 33.0  4 9 5 1 6 2 7 3 8
 34.0  3 8 4 9 5 1 6 2 7
 35.0  2 7 3 8 4 9 5 1 6
 36.0  1 6 2 7 3 8 4 9 5
 37.0  9 5 1 6 2 7 3 8 4
 38.0  8 4 9 5 1 6 2 7 3
 39.0  7 3 8 4 9 5 1 6 2
 40.0  <blank>
 41.0  <blank>
