10 CLEAR,&H9CFF:A=&H9F00:B=A:S=0
20 READX:S=(S+X)AND255
30 IFX>=0THENPOKEA,X:A=A+1:GOTO20
40 IF255ANDS=0THENEXECB:END
50 PRINT"ERREUR DATA":END
60 DATA 52,127,26,208,134,231,142,31
61 DATA 64,230,132,99,132,225,132,39
62 DATA 4,99,132,134,167,31,139,150,206
63 DATA 132,251,151,206,198,96,215,204
64 DATA 138,4,151,206,198,64,215,204
65 DATA 141,97,141,95,141,95,206,159
66 DATA 187,141,52,141,45,141,84,206
67 DATA 159,201,141,38,141,36,37,247
68 DATA 142,159,99,191,159,252,255,159
69 DATA 254,141,23,141,66,129,254,38
70 DATA 250,142,157,0,141,57,167,128
71 DATA 140,159,0,38,247,141,46,126,157
72 DATA 0,141,43,76,38,251,142,0,6,166
73 DATA 192,141,49,48,31,38,248,141,6
74 DATA 161,192,39,1,67,57,142,1,0,48
75 DATA 31,39,14,79,141,13,77,38,246
76 DATA 134,252,32,6,141,0,141,0,134
77 DATA 254,198,127,215,204,209,204,198
78 DATA 95,215,204,73,37,243,57,198,8
79 DATA 52,4,72,86,84,215,204,202,32
80 DATA 215,204,196,223,215,204,106,228
81 DATA 38,239,202,64,215,204,53,132
82 DATA 64,0,0,0,0,149,1,72,0,0,1,170
83 DATA 135,0,119,0,0,0,0,255,0,105,64
84 DATA 0,0,0,255,0,81,1,35,69,103,255
85 DATA 0,-74
